-2.185020968317985535e-02
5.470879003405570984e-02
5.720831081271171570e-02
7.106733508408069611e-03
3.787580877542495728e-02
1.952052116394042969e-02
8.126592263579368591e-03
6.123832613229751587e-02
2.530190907418727875e-02
-2.968943119049072266e-02
-4.946783930063247681e-02
3.683309629559516907e-02
-2.592992223799228668e-02
1.789741590619087219e-02
1.366218365728855133e-02
3.553795861080288887e-03
3.399305418133735657e-02
-7.710599806159734726e-03
2.423870610073208809e-03
-2.627819217741489410e-02
3.516466543078422546e-02
1.980242691934108734e-02
-5.283718183636665344e-02
6.051051430404186249e-03
-9.012597613036632538e-03
2.148771286010742188e-02
-4.575541615486145020e-02
1.084413565695285797e-02
6.164795160293579102e-02
1.761049032211303711e-02
-4.381339624524116516e-02
8.569943904876708984e-02
-3.389326483011245728e-02
1.027077436447143555e-02
3.957169130444526672e-02
6.411641836166381836e-02
5.396435409784317017e-02
-1.000000014901161194e-01
2.167258225381374359e-02
2.752748690545558929e-02
9.453880600631237030e-03
-5.624472978524863720e-04
-8.046388626098632812e-03
5.100410059094429016e-02
1.598954200744628906e-02
1.053735055029392242e-02
-1.242689508944749832e-02
7.468772120773792267e-03
1.996265724301338196e-02
-3.158370405435562134e-02
-7.123615592718124390e-02
-1.222778577357530594e-02
-5.706476047635078430e-02
4.169924184679985046e-02
4.074742645025253296e-02
-1.614990830421447754e-02
8.695332705974578857e-02
4.359292984008789062e-02
7.802426815032958984e-03
7.115244865417480469e-03
-2.764899656176567078e-02
5.796318128705024719e-02
-2.888224646449089050e-02
4.938211292028427124e-02
6.206857971847057343e-03
2.726969681680202484e-02
3.715450689196586609e-02
-2.492289617657661438e-02
2.793185785412788391e-02
3.270123153924942017e-02
1.324669085443019867e-02
-2.108358219265937805e-02
-2.926018275320529938e-02
-4.710716195404529572e-03
5.764639377593994141e-02
-7.159483619034290314e-03
-2.543668076395988464e-02
5.062959343194961548e-02
8.891224861145019531e-04
-5.137788131833076477e-02
8.661759085953235626e-03
4.683568328619003296e-02
-3.040581941604614258e-03
6.241459771990776062e-02
-3.383618593215942383e-02
8.571589365601539612e-03
5.670233815908432007e-02
4.594647884368896484e-02
4.912201315164566040e-02
4.330649226903915405e-02
7.660458981990814209e-02
-6.772530265152454376e-03
4.878715425729751587e-02
2.254511043429374695e-02
2.615320682525634766e-02
-4.869256541132926941e-02
1.483380794525146484e-02
4.715752601623535156e-02
-3.426258638501167297e-02
4.391001537442207336e-02
-2.971749939024448395e-02
1.656377315521240234e-02
2.165713347494602203e-02
3.528164699673652649e-02
-3.371522948145866394e-02
-6.390565540641546249e-03
-2.620795927941799164e-02
5.153680965304374695e-02
1.896672323346138000e-02
-5.054474058852065355e-06
3.213641792535781860e-02
1.763222180306911469e-02
3.192367404699325562e-02
-3.871972113847732544e-02
4.845130257308483124e-03
8.221738040447235107e-02
-2.913441695272922516e-02
-2.806764794513583183e-03
1.735836267471313477e-02
-5.698405578732490540e-02
4.760862514376640320e-02
7.030619680881500244e-02
1.846306398510932922e-02
-7.972965389490127563e-02
-1.923382841050624847e-02
9.386312961578369141e-02
-1.181422453373670578e-02
3.678432852029800415e-02
1.165359001606702805e-02
5.227644369006156921e-02
9.894812479615211487e-03
-1.933703385293483734e-02
1.864393986761569977e-02
8.050000667572021484e-02
-1.722913980484008789e-02
4.527168348431587219e-02
-1.231658458709716797e-02
-2.790896967053413391e-02
4.802570492029190063e-02
-7.477325387299060822e-03
4.939453676342964172e-02
3.782442957162857056e-02
4.268793016672134399e-02
-1.299464702606201172e-02
-1.211096625775098801e-02
2.142057381570339203e-02
-2.388232387602329254e-02
9.723679721355438232e-02
6.303636729717254639e-02
2.646033838391304016e-02
6.893988698720932007e-02
2.080259285867214203e-02
-2.514845691621303558e-02
-1.519184745848178864e-02
3.773850202560424805e-02
1.013469696044921875e-02
3.955078311264514923e-03
5.225738137960433960e-02
2.813833951950073242e-02
1.371686439961194992e-02
-2.964884042739868164e-03
1.194357872009277344e-02
-1.509140711277723312e-02
-1.956774666905403137e-02
6.758451461791992188e-03
-2.227280102670192719e-02
1.267362851649522781e-02
1.902862824499607086e-02
9.650146588683128357e-03
3.216055780649185181e-02
7.772549241781234741e-02
2.379008568823337555e-02
2.124271355569362640e-02
5.816673114895820618e-02
8.691703900694847107e-03
-2.205536328256130219e-02
5.219988897442817688e-02
4.117546230554580688e-02
2.033690176904201508e-02
-2.073512040078639984e-02
-2.568379603326320648e-02
2.490503713488578796e-02
3.340835496783256531e-02
-2.713295258581638336e-02
2.362817525863647461e-02
2.350050210952758789e-02
9.971620887517929077e-02
-1.335309166461229324e-02
-3.805587813258171082e-02
5.316711589694023132e-02
-4.136551544070243835e-02
-3.976338356733322144e-02
3.644635528326034546e-02
7.690028846263885498e-02
-2.156437002122402191e-02
2.491127327084541321e-02
-1.946371747180819511e-03
4.569097608327865601e-02
1.626603677868843079e-02
4.495215415954589844e-02
-6.238692905753850937e-03
2.544562891125679016e-02
-2.342861331999301910e-02
7.769455760717391968e-02
-1.320960558950901031e-02
5.754520744085311890e-02
6.524018198251724243e-02
4.131140559911727905e-02
-3.068010881543159485e-02
6.202006246894598007e-03
-1.233059214428067207e-03
1.612423732876777649e-02
-7.248776964843273163e-03
-1.657509827055037022e-03
-2.115481998771429062e-03
-4.280658811330795288e-02
-2.040593698620796204e-02
5.797200277447700500e-02
2.391344308853149414e-02
-1.289374846965074539e-02
1.005185861140489578e-02
1.477154530584812164e-02
7.510566618293523788e-03
3.936111927032470703e-02
-1.844791136682033539e-02
5.501843616366386414e-02
-5.406796932220458984e-03
1.917419396340847015e-02
-3.808138892054557800e-02
3.298134729266166687e-02
9.011232852935791016e-02
1.875455304980278015e-02
2.788254059851169586e-02
-1.225923933088779449e-02
3.140585497021675110e-02
-4.258736222982406616e-02
1.930584944784641266e-02
-1.181174535304307938e-02
3.072360716760158539e-02
1.000000014901161194e-01
-1.855919323861598969e-02
-2.010396122932434082e-02
3.963728994131088257e-02
1.968593522906303406e-02
-1.306030154228210449e-02
6.223058793693780899e-03
-3.072295151650905609e-02
5.401599220931529999e-03
-1.479089260101318359e-04
-2.941600605845451355e-02
-6.958797574043273926e-02
-1.662877202033996582e-02
-2.322893217206001282e-02
3.573763370513916016e-02
-4.357844591140747070e-03
2.548759058117866516e-02
-2.089077234268188477e-02
-2.716439962387084961e-02
1.794122532010078430e-02
-1.575890742242336273e-02
-1.539370976388454437e-02
-1.483093481510877609e-02
1.829010248184204102e-02
-1.631711795926094055e-02
3.575957939028739929e-02
6.166939809918403625e-02
2.790236379951238632e-03
-2.864988520741462708e-02
1.384975947439670563e-02
-2.118764445185661316e-02
5.130078643560409546e-02
3.017389681190252304e-03
-4.766905214637517929e-03
1.629884168505668640e-02
1.531420927494764328e-02
2.708563767373561859e-02
1.705863513052463531e-02
2.044993638992309570e-02
-1.535361446440219879e-02
3.975889831781387329e-02
-2.626136504113674164e-02
2.619036473333835602e-02
5.003057792782783508e-02
2.710616588592529297e-02
4.684085771441459656e-02
-1.839864812791347504e-02
3.141559287905693054e-02
6.519757211208343506e-02
-2.422954514622688293e-02
4.847190529108047485e-02
4.320056363940238953e-02
3.669957071542739868e-02
-7.852435111999511719e-03
3.922124952077865601e-02
1.425124425441026688e-02
-2.125355042517185211e-02
2.791799232363700867e-02
1.845192862674593925e-03
-2.158073149621486664e-02
3.945295885205268860e-02
8.147287182509899139e-03
4.096643999218940735e-02
7.974846661090850830e-02
2.177990600466728210e-02
5.818009376525878906e-02
-3.202929347753524780e-02
3.338109329342842102e-02
-1.562887988984584808e-02
1.826354302465915680e-02
2.111740037798881531e-02
3.362008184194564819e-02
2.639489248394966125e-02
-5.176857113838195801e-02
1.899702474474906921e-02
-4.074497893452644348e-02
-4.031285643577575684e-02
-4.736798815429210663e-03
2.259575203061103821e-02
-5.105853080749511719e-03
5.448607355356216431e-02
6.434118840843439102e-03
4.514243453741073608e-02
3.861339017748832703e-02
6.836537271738052368e-02
3.212245553731918335e-02
-4.628930613398551941e-02
-1.240075845271348953e-02
4.535684734582901001e-02
5.069165304303169250e-02
-8.681875653564929962e-03
-2.664355561137199402e-02
4.400064796209335327e-02
3.172545507550239563e-02
7.512593269348144531e-02
7.066702935844659805e-03
-3.718717768788337708e-02
2.592566050589084625e-02
-3.534879162907600403e-02
7.512593176215887070e-03
4.252130910754203796e-02
-9.553546085953712463e-03
2.338499948382377625e-02
-2.428831532597541809e-02
-6.103617139160633087e-03
6.486859172582626343e-02
4.605212062597274780e-02
3.659018129110336304e-02
5.013423040509223938e-02
-4.928925633430480957e-02
1.959378644824028015e-02
-3.060131706297397614e-02
6.411902606487274170e-02
-6.906879134476184845e-03
1.468360424041748047e-02
3.412611410021781921e-02
-1.316040754318237305e-03
-2.101329527795314789e-02
-2.463882043957710266e-02
2.117857895791530609e-02
-1.474612951278686523e-02
6.224142387509346008e-02
-4.720127675682306290e-03
3.888297080993652344e-02
3.953005000948905945e-02
2.053648233413696289e-02
-6.177365779876708984e-03
3.963648155331611633e-02
4.106550291180610657e-02
1.878619194030761719e-03
1.825460232794284821e-02
4.119143635034561157e-02
2.198444679379463196e-02
-1.955229090526700020e-03
5.567060783505439758e-02
1.854822598397731781e-02
1.981807872653007507e-02
4.497038200497627258e-02
-5.432550981640815735e-02
-4.630666226148605347e-02
-5.138677544891834259e-03
2.474600076675415039e-02
-3.929357603192329407e-02
-1.200868468731641769e-02
-3.864223882555961609e-02
2.098179981112480164e-02
3.870165441185235977e-03
4.197136312723159790e-02
9.576320648193359375e-03
9.792542085051536560e-03
4.085538536310195923e-02
1.768990792334079742e-02
1.846184767782688141e-02
-3.168456628918647766e-02
2.046266756951808929e-02
-4.102043062448501587e-02
3.436370939016342163e-02
-7.153902947902679443e-02
2.971374988555908203e-02
4.667271301150321960e-02
-1.042842864990234375e-03
6.516593694686889648e-02
4.785865545272827148e-02
-1.529316324740648270e-02
5.923056509345769882e-03
-1.700595021247863770e-02
9.649214893579483032e-02
6.192896515130996704e-02
4.737842082977294922e-02
4.646816104650497437e-02
4.067429155111312866e-02
-4.610361903905868530e-02
4.257760196924209595e-02
1.001477241516113281e-03
8.747994899749755859e-03
-6.658124737441539764e-03
-9.039300493896007538e-03
5.411555618047714233e-02
4.325389862060546875e-02
-5.993856117129325867e-02
4.735438898205757141e-02
-2.107490971684455872e-02
-2.040944620966911316e-02
-9.686654433608055115e-03
2.265279367566108704e-02
1.376366615295410156e-02
2.155412361025810242e-02
2.565920352935791016e-03
2.162778377532958984e-02
9.906291779770981520e-06
2.330351993441581726e-02
-3.504818771034479141e-03
-2.358450368046760559e-02
3.057098481804132462e-03
1.130518876016139984e-02
2.567626163363456726e-02
5.379427596926689148e-02
-8.747023530304431915e-03
-3.220326453447341919e-02
7.300265133380889893e-02
-2.869248273782432079e-04
4.952716641128063202e-03
2.550950087606906891e-02
7.620739936828613281e-02
1.505470275878906250e-02
3.160650655627250671e-02
4.658615589141845703e-02
7.044693082571029663e-02
-1.433855295181274414e-02
2.510403469204902649e-02
-3.477334976196289062e-04
2.224951982498168945e-02
-9.147400036454200745e-03
-1.904058456420898438e-02
4.114558547735214233e-02
2.213737927377223969e-02
3.317807987332344055e-02
-1.086761988699436188e-02
4.952868074178695679e-02
1.654822751879692078e-02
1.959800720214843750e-02
1.483473740518093109e-02
6.021888181567192078e-02
4.753391817212104797e-02
-3.005854412913322449e-02
-5.148176103830337524e-02
3.958551958203315735e-02
2.210235595703125000e-02
1.681878603994846344e-02
-1.735401153564453125e-02
1.219844794832170010e-03
2.454671822488307953e-02
1.591961458325386047e-02
-2.295038104057312012e-02
4.577839281409978867e-03
3.263697773218154907e-02
-1.909941993653774261e-02
-3.103411197662353516e-02
6.212437059730291367e-03
-3.731670230627059937e-02
-1.288211345672607422e-02
1.702759228646755219e-02
-1.728257536888122559e-02
2.189919911324977875e-02
-5.937498994171619415e-03
-9.941530413925647736e-03
-2.096201851963996887e-02
-2.266693674027919769e-02
-2.247636392712593079e-02
4.562854766845703125e-03
-1.792722940444946289e-02
5.356404930353164673e-02
-1.856327615678310394e-02
1.706844568252563477e-02
2.106270752847194672e-02
3.162660449743270874e-02
9.688878431916236877e-03
-7.602238561958074570e-03
4.217505338601768017e-04
-4.112862795591354370e-02
-2.492024376988410950e-02
-1.102280616760253906e-02
2.960865572094917297e-02
-5.305355880409479141e-03
4.784971475601196289e-02
8.317901939153671265e-02
1.135927438735961914e-02
2.274522744119167328e-02
1.267099403776228428e-03
2.240514848381280899e-03
3.470907360315322876e-02
1.983494684100151062e-02
-5.260348552837967873e-04
