-3.920197559637017548e-05
3.191803768277168274e-02
4.564969614148139954e-02
-1.410217303782701492e-02
2.867710543796420097e-03
-1.349664293229579926e-02
-1.497744955122470856e-02
-2.303480543196201324e-02
2.126827277243137360e-02
4.072737880051136017e-03
-5.688679218292236328e-02
-3.127421066164970398e-02
-2.200272120535373688e-02
1.568094454705715179e-02
-2.561316452920436859e-02
-4.255359619855880737e-02
2.082586288452148438e-04
-2.798436209559440613e-02
-3.790425136685371399e-02
-4.425195977091789246e-02
3.598809242248535156e-03
3.707790281623601913e-03
-4.739516973495483398e-02
-3.260617330670356750e-02
-2.155584096908569336e-02
1.816092804074287415e-02
-7.304963469505310059e-02
1.123179215937852859e-02
2.329410240054130554e-02
-7.216858677566051483e-03
-7.555387914180755615e-02
2.097971364855766296e-02
-3.286670520901679993e-02
-4.623342305421829224e-02
6.726594269275665283e-02
-3.893148852512240410e-03
2.382997237145900726e-02
-9.614205360412597656e-02
-2.558558620512485504e-02
-2.512803673744201660e-02
-5.058790370821952820e-02
-5.971638113260269165e-02
-5.978801101446151733e-02
1.635186746716499329e-02
-3.426520898938179016e-02
-2.272725032526068389e-05
-5.330187082290649414e-02
-3.730506822466850281e-02
-1.106959581375122070e-02
-1.156270503997802734e-03
-8.519446849822998047e-02
7.120513822883367538e-03
-1.000000014901161194e-01
1.657353714108467102e-02
-3.484015911817550659e-02
-2.992659807205200195e-02
8.435263484716415405e-02
4.276096820831298828e-03
4.751086235046386719e-03
-3.606941178441047668e-02
-8.614145219326019287e-02
-1.715028285980224609e-02
-4.001271724700927734e-02
2.600669860839843750e-03
-1.092997193336486816e-02
-5.265862867236137390e-02
-3.000767156481742859e-02
-6.030954048037528992e-02
4.550516605377197266e-03
2.385460212826728821e-02
-2.040905319154262543e-02
-3.440176695585250854e-02
-5.894312262535095215e-02
-6.263693422079086304e-02
2.974814176559448242e-02
-6.381567567586898804e-02
-3.168995305895805359e-02
-2.999643050134181976e-02
-2.194913104176521301e-02
-1.160421408712863922e-02
-2.996245585381984711e-02
-1.249821204692125320e-02
1.575471088290214539e-02
1.102875452488660812e-02
-9.786833822727203369e-02
-3.464359091594815254e-03
-2.228342369198799133e-02
1.078330259770154953e-02
2.752413786947727203e-02
6.350158154964447021e-02
-8.818048052489757538e-03
-2.504472061991691589e-02
-7.523191161453723907e-03
-6.558090448379516602e-03
-2.088267169892787933e-02
-5.258802324533462524e-02
-6.343358661979436874e-03
1.534529961645603180e-02
-7.092349976301193237e-02
6.326436996459960938e-03
-2.472239732742309570e-02
-3.227437660098075867e-02
-8.456259965896606445e-03
-3.442298248410224915e-02
-5.900999158620834351e-02
-2.184004150331020355e-02
-3.825380653142929077e-02
-3.626847174018621445e-03
-2.589360438287258148e-02
-4.691206663846969604e-02
-1.890196837484836578e-02
-2.938143536448478699e-02
2.884936286136507988e-03
-4.728651046752929688e-02
-1.676478423178195953e-02
4.352470487356185913e-02
-5.877870321273803711e-02
1.018421631306409836e-02
4.087953642010688782e-02
-3.440623357892036438e-02
5.630444362759590149e-02
6.916069984436035156e-02
-2.929128333926200867e-02
-9.923512488603591919e-02
-1.031559146940708160e-02
4.556548595428466797e-02
-3.876012563705444336e-02
-1.876435242593288422e-02
2.970421221107244492e-03
6.250405218452215195e-03
-2.636180445551872253e-02
-5.484287813305854797e-02
1.011146325618028641e-02
3.039206191897392273e-02
-6.217624992132186890e-02
-3.729719668626785278e-02
-4.796984791755676270e-02
-4.309778288006782532e-02
8.906793780624866486e-03
-5.641505122184753418e-02
1.589958742260932922e-02
1.380659360438585281e-02
1.537667494267225266e-02
-2.911177277565002441e-02
-3.811419755220413208e-02
-4.151948168873786926e-02
9.224629029631614685e-03
2.922166511416435242e-02
1.249742461368441582e-03
-1.684379531070590019e-03
-8.584302850067615509e-03
1.210954226553440094e-02
-5.814588069915771484e-02
-1.314969081431627274e-02
-4.743198677897453308e-02
-1.406186260282993317e-02
-7.338751852512359619e-02
1.168237905949354172e-02
5.214620754122734070e-02
-3.268356993794441223e-02
-4.473083466291427612e-02
-1.027187146246433258e-02
2.920254506170749664e-02
-5.222296714782714844e-02
-3.522982075810432434e-02
-9.716987842693924904e-04
8.471166715025901794e-03
-2.014675736427307129e-02
1.255719643086194992e-02
3.361142799258232117e-02
5.609333515167236328e-02
1.993906451389193535e-03
-4.078584909439086914e-02
8.276617154479026794e-03
-9.444093331694602966e-03
-4.047250747680664062e-02
3.433804586529731750e-02
5.780004337430000305e-02
1.089143753051757812e-02
-4.652493074536323547e-02
-3.263402730226516724e-02
3.916509076952934265e-02
3.042480908334255219e-02
-2.833324670791625977e-02
-6.472867913544178009e-03
-4.345097392797470093e-02
1.000000014901161194e-01
-3.983061760663986206e-02
-3.694530203938484192e-02
4.870533884968608618e-04
-6.444062292575836182e-02
-4.984328150749206543e-02
4.070532508194446564e-03
5.140209197998046875e-02
-3.922004625201225281e-02
3.146618604660034180e-02
-4.140890389680862427e-02
8.178782649338245392e-03
1.884198188781738281e-02
2.527049742639064789e-02
-3.672027494758367538e-03
8.925879374146461487e-03
-1.182472705841064453e-02
4.997453838586807251e-02
-2.796561084687709808e-02
1.493293046951293945e-02
-1.858473382890224457e-02
-3.260724619030952454e-02
-6.311903893947601318e-02
-1.040061749517917633e-02
-2.252134680747985840e-02
-8.947062306106090546e-03
-1.994339749217033386e-02
1.383229531347751617e-02
-6.747955083847045898e-02
-5.246434360742568970e-02
1.888887956738471985e-02
3.679617494344711304e-02
-3.116834210231900215e-03
-4.100572317838668823e-02
-7.804089691489934921e-03
-4.964818805456161499e-02
-3.049500659108161926e-02
-4.731484502553939819e-02
-7.240936905145645142e-02
-2.873048745095729828e-02
-1.689105667173862457e-02
-8.296057581901550293e-02
-4.202716425061225891e-02
2.355196513235569000e-02
3.129427507519721985e-02
-4.333583265542984009e-02
-1.360352616757154465e-02
-4.553832858800888062e-02
-2.610760973766446114e-03
-5.940297991037368774e-02
1.304392796009778976e-02
-7.136806100606918335e-02
-2.181814983487129211e-02
6.019060686230659485e-02
-4.362459853291511536e-02
-6.207931786775588989e-02
2.855842188000679016e-02
-4.102317616343498230e-02
-1.301125902682542801e-02
-2.869563736021518707e-02
-3.153402358293533325e-02
1.886463142000138760e-03
-3.725332021713256836e-02
-5.251295492053031921e-02
-6.213984638452529907e-02
-1.714222505688667297e-02
-4.218878597021102905e-02
-2.727083489298820496e-02
-3.649379685521125793e-02
8.102977648377418518e-03
-6.558284163475036621e-02
-2.568774856626987457e-02
-2.160372771322727203e-02
-6.773863732814788818e-02
-1.374446786940097809e-02
-3.084132634103298187e-02
1.309859799221158028e-03
-5.083381012082099915e-02
-2.907193265855312347e-02
1.286276616156101227e-02
-9.626483544707298279e-03
-7.664526998996734619e-02
1.722843572497367859e-02
-8.090824633836746216e-02
4.160642623901367188e-03
1.014219503849744797e-02
5.699818208813667297e-02
9.972334373742341995e-04
2.037779055535793304e-02
-4.051411058753728867e-03
-5.149457603693008423e-02
-1.842557266354560852e-02
-6.963497493416070938e-03
1.399110537022352219e-02
-5.328494310379028320e-02
3.423539549112319946e-02
5.234229378402233124e-03
3.053537569940090179e-02
2.326370403170585632e-02
-3.137187287211418152e-02
4.274594597518444061e-03
1.356246508657932281e-02
-7.517212536185979843e-03
3.212826326489448547e-02
1.212631445378065109e-02
8.738565258681774139e-03
-1.481722574681043625e-02
1.074274815618991852e-02
9.769201278686523438e-05
-1.783633232116699219e-02
-4.177438467741012573e-02
-1.714724348857998848e-03
-1.783987320959568024e-02
-1.339336670935153961e-02
1.942205429077148438e-02
1.446000300347805023e-02
5.185607820749282837e-02
-2.207955718040466309e-02
-2.117568161338567734e-03
-4.981020092964172363e-02
4.042436927556991577e-02
-1.595498248934745789e-02
-3.697433322668075562e-02
-2.085119485855102539e-02
2.833019569516181946e-02
-7.366582006216049194e-02
-6.722533702850341797e-02
1.507538557052612305e-02
-5.152083560824394226e-02
-5.578870698809623718e-02
-1.053338684141635895e-02
1.838946365751326084e-03
-6.280052661895751953e-02
4.136834293603897095e-02
-2.903789281845092773e-03
-1.106389798223972321e-02
5.766774341464042664e-02
-1.509564556181430817e-02
2.727407217025756836e-02
-7.360790669918060303e-02
3.973463922739028931e-02
1.058173179626464844e-02
2.255909517407417297e-02
-5.835302919149398804e-02
-2.864384651184082031e-02
2.543373033404350281e-02
-2.575550600886344910e-02
2.479424513876438141e-02
-1.434444822371006012e-02
-7.003843039274215698e-02
-2.277701534330844879e-02
-9.113028645515441895e-02
-2.665734384208917618e-03
1.605224562808871269e-03
-1.537968497723340988e-02
-3.184028342366218567e-02
3.374506160616874695e-02
-4.941338300704956055e-02
4.083653539419174194e-02
1.850035227835178375e-02
8.932411670684814453e-03
-3.884714795276522636e-03
-8.844746649265289307e-02
-4.970264621078968048e-03
-6.315548717975616455e-02
4.642935842275619507e-02
-4.301612824201583862e-02
1.334258355200290680e-02
3.473954275250434875e-02
2.194489166140556335e-02
-3.996711969375610352e-02
-6.438326835632324219e-02
-3.095853375270962715e-03
-9.958761744201183319e-03
2.189860306680202484e-02
6.598436739295721054e-03
4.357409663498401642e-03
1.286588888615369797e-02
1.861429214477539062e-02
-1.868067309260368347e-02
-1.270908117294311523e-02
2.972447779029607773e-03
-8.279109373688697815e-03
-1.859192177653312683e-02
-7.590532186441123486e-04
-5.375174805521965027e-02
4.024326801300048828e-03
-4.143817350268363953e-02
-1.827023550868034363e-02
-5.624442175030708313e-02
-1.062347926199436188e-02
-3.615508601069450378e-02
-8.142723143100738525e-02
-1.996914111077785492e-02
-2.287912927567958832e-02
-2.779105864465236664e-02
-3.954133391380310059e-02
-1.730123721063137054e-02
-2.104324102401733398e-02
-2.261716686189174652e-02
3.246343228965997696e-03
-4.065141826868057251e-02
-6.295194476842880249e-02
-4.462069366127252579e-03
-3.871738910675048828e-03
-5.059405416250228882e-02
-3.030542097985744476e-02
-3.578179329633712769e-02
-6.301317363977432251e-02
-3.574723750352859497e-02
-4.556434229016304016e-02
-5.408102180808782578e-03
2.093518897891044617e-02
-2.956013008952140808e-02
-1.575148082338273525e-03
1.446185074746608734e-02
-4.219482466578483582e-02
-2.239750698208808899e-02
-4.003241658210754395e-02
3.134753555059432983e-02
5.594491813099011779e-05
3.732001874595880508e-03
1.203216332942247391e-02
-2.200540341436862946e-02
-9.321574121713638306e-02
1.579289510846138000e-02
-1.491152681410312653e-02
-3.461829945445060730e-02
-1.419938169419765472e-02
-4.463676363229751587e-02
2.553763426840305328e-02
-1.052952371537685394e-02
-3.327531740069389343e-02
5.663239862769842148e-03
-4.176370427012443542e-02
-1.589432358741760254e-02
-3.173555806279182434e-02
-1.306004542857408524e-02
-1.260195393115282059e-02
8.778882212936878204e-03
-5.104736238718032837e-02
-2.166557312011718750e-02
-4.167216829955577850e-03
-1.015016995370388031e-02
3.364551067352294922e-02
-5.366175621747970581e-02
-2.517980337142944336e-02
-1.133372168987989426e-02
8.497511968016624451e-03
6.753528025001287460e-03
-6.795084569603204727e-03
-6.620825082063674927e-02
6.376735866069793701e-02
-1.385692320764064789e-02
-1.609581708908081055e-02
-2.267823182046413422e-02
9.287741035223007202e-02
-5.406558513641357422e-02
-3.486524894833564758e-02
1.400747336447238922e-02
1.388490200042724609e-02
2.429289743304252625e-02
-1.296017132699489594e-02
-1.933708786964416504e-02
-1.857327297329902649e-02
-6.172815710306167603e-02
-3.854280710220336914e-02
-1.539490185678005219e-02
-4.486715793609619141e-02
-1.168889366090297699e-02
-1.438996754586696625e-02
2.204848453402519226e-02
-4.124872758984565735e-02
-3.734952956438064575e-02
-6.747294962406158447e-02
5.808913614600896835e-03
-3.534498065710067749e-02
-6.617555022239685059e-02
-4.729222133755683899e-02
-1.802413538098335266e-02
-1.921044662594795227e-02
-3.399789333343505859e-03
-5.311813205480575562e-02
-3.911095112562179565e-02
2.179110050201416016e-02
-4.885321110486984253e-02
-1.613726094365119934e-02
-5.666409060359001160e-02
5.983007140457630157e-03
-4.732847213745117188e-02
-9.948459267616271973e-02
-4.375864192843437195e-02
-8.551128953695297241e-02
-3.001475892961025238e-02
-4.222363233566284180e-03
-4.628801345825195312e-02
1.373294554650783539e-02
-5.823886394500732422e-02
-6.610804796218872070e-02
-3.005529567599296570e-02
-7.231515645980834961e-02
-5.464864522218704224e-02
-3.873135894536972046e-02
-1.672998629510402679e-02
-2.031224966049194336e-02
2.566051436588168144e-03
-7.846707478165626526e-03
-1.727636530995368958e-02
2.526421472430229187e-02
-1.889198459684848785e-02
1.483846921473741531e-02
-6.011980026960372925e-02
-9.731794148683547974e-02
-5.315914005041122437e-02
-8.263330161571502686e-02
-1.353237032890319824e-02
2.622532891109585762e-03
2.384161949157714844e-02
4.133663326501846313e-02
-2.416736446321010590e-02
9.999418631196022034e-03
-1.649505458772182465e-02
-4.966866225004196167e-02
7.066369289532303810e-04
-8.346676826477050781e-03
-3.872996568679809570e-02
