-3.013030812144279480e-02
2.240003272891044617e-02
6.616524606943130493e-02
1.606423780322074890e-02
9.413123130798339844e-03
1.235842704772949219e-03
-3.712016390636563301e-03
1.885026693344116211e-02
9.446144104003906250e-04
-4.409136623144149780e-02
-5.526483058929443359e-02
3.377544879913330078e-02
-3.473382443189620972e-02
1.644896343350410461e-02
-2.508401870727539062e-03
-2.164989151060581207e-02
3.454218059778213501e-02
-1.917297765612602234e-02
-1.185621600598096848e-02
-3.934376686811447144e-02
3.185775130987167358e-02
2.568411873653531075e-03
-3.059945628046989441e-02
-5.415499210357666016e-03
-3.301613777875900269e-02
1.209605950862169266e-02
-5.102982372045516968e-02
-9.132993407547473907e-03
4.121737554669380188e-02
5.518353078514337540e-03
-3.327853605151176453e-02
3.576143831014633179e-02
-5.724772065877914429e-02
-7.805496454238891602e-03
5.079338699579238892e-02
3.425699472427368164e-02
1.778768375515937805e-02
-1.000000014901161194e-01
-5.756968166679143906e-03
2.359747886657714844e-02
1.958131790161132812e-03
-2.367451786994934082e-02
-3.869703412055969238e-02
5.658454820513725281e-02
2.208781195804476738e-03
2.625298453494906425e-03
-1.663406565785408020e-02
-5.472417548298835754e-02
8.321797475218772888e-03
-8.369612507522106171e-03
-8.908574283123016357e-02
3.482484724372625351e-03
-5.967197567224502563e-02
1.680381223559379578e-02
9.509360417723655701e-03
-3.304107859730720520e-02
6.675735861063003540e-02
1.613836362957954407e-02
-7.802349515259265900e-03
-1.930432394146919250e-02
-2.068995870649814606e-02
3.589605167508125305e-02
-4.025925323367118835e-02
1.630296744406223297e-02
-6.382214836776256561e-03
-3.157783672213554382e-02
-1.335629820823669434e-02
9.972667321562767029e-03
1.675809547305107117e-02
2.428833208978176117e-02
-9.681493043899536133e-03
-3.815580159425735474e-02
-2.519624866545200348e-02
-2.217655815184116364e-02
4.486443847417831421e-02
-4.504625871777534485e-02
-3.729917481541633606e-02
3.065050765872001648e-02
1.599544286727905273e-02
-2.523888275027275085e-02
-1.331266202032566071e-02
4.516049474477767944e-02
-5.102681927382946014e-03
1.507034339010715485e-02
-4.020382836461067200e-02
1.444411231204867363e-03
3.456528112292289734e-02
4.636132717132568359e-02
1.654963567852973938e-02
2.735299989581108093e-02
4.052165895700454712e-02
1.149648427963256836e-02
1.985239982604980469e-02
2.285994216799736023e-02
1.915054395794868469e-02
1.050969399511814117e-02
3.549010679125785828e-02
4.003369715064764023e-03
-5.929095670580863953e-02
3.208247572183609009e-02
-2.811384201049804688e-02
-1.204535923898220062e-02
3.509700298309326172e-03
3.407645272091031075e-03
-2.309658005833625793e-02
-1.556909061037003994e-03
-2.637453749775886536e-02
4.758554697036743164e-02
9.981942363083362579e-03
-2.461681328713893890e-02
1.347079314291477203e-02
1.695047691464424133e-02
1.289682369679212570e-02
-2.122366987168788910e-02
2.623951528221368790e-03
4.545914009213447571e-02
-4.363609105348587036e-02
9.252762421965599060e-03
3.140253946185112000e-02
-2.877170965075492859e-02
3.987538814544677734e-02
7.118751108646392822e-02
1.989852264523506165e-02
-5.952107906341552734e-02
1.257884502410888672e-02
1.000000014901161194e-01
-3.490236401557922363e-02
1.156278885900974274e-02
2.967726066708564758e-02
4.125332925468683243e-03
-3.062424622476100922e-02
-3.797337412834167480e-02
3.400399535894393921e-02
4.354988411068916321e-02
-2.637960948050022125e-02
9.599518962204456329e-03
-2.107815816998481750e-02
-4.393167048692703247e-02
2.586906030774116516e-02
-4.732950404286384583e-02
3.283618763089179993e-02
1.017632521688938141e-02
2.657414600253105164e-02
-2.262496948242187500e-02
-2.464337274432182312e-02
2.089599333703517914e-02
5.302333738654851913e-03
8.113263547420501709e-02
3.145568445324897766e-02
1.100611686706542969e-02
2.780802175402641296e-02
-1.710337959229946136e-02
-4.394400119781494141e-02
-1.357018918497487903e-04
2.960443380288779736e-04
-2.903103828430175781e-03
-3.945520520210266113e-02
3.512544557452201843e-02
5.195406824350357056e-02
-1.600447855889797211e-02
-5.137103609740734100e-03
-1.761832833290100098e-02
-5.394577980041503906e-03
-2.530549094080924988e-02
1.881485059857368469e-02
-1.799413561820983887e-02
2.549231052398681641e-03
6.335389800369739532e-03
1.359870471060276031e-02
1.854634284973144531e-02
7.479591667652130127e-02
1.073896884918212891e-02
-1.546364976093173027e-03
5.046872049570083618e-02
1.326170004904270172e-02
-2.409397996962070465e-02
3.367676585912704468e-02
1.410052739083766937e-02
-1.456195116043090820e-02
-4.268512874841690063e-02
-2.578650787472724915e-02
5.852961447089910507e-03
3.113064728677272797e-02
-2.310290373861789703e-02
3.411003202199935913e-02
-5.482989363372325897e-03
6.487901508808135986e-02
2.361387014389038086e-02
-1.880264282226562500e-02
3.473097085952758789e-02
-2.771668508648872375e-02
-6.563203036785125732e-02
4.614436626434326172e-02
4.667705297470092773e-02
-2.557916566729545593e-02
1.978393830358982086e-02
-1.475113630294799805e-02
3.484523389488458633e-03
-3.883564379066228867e-03
4.000809043645858765e-02
-7.404571864753961563e-03
5.630004219710826874e-03
-2.437649294734001160e-02
7.946822792291641235e-02
-4.962468892335891724e-02
3.052179887890815735e-02
2.748628892004489899e-02
2.106959745287895203e-02
-3.371920064091682434e-02
-3.491216804832220078e-03
-2.076591923832893372e-02
5.115485284477472305e-03
-5.704528186470270157e-03
-1.604701951146125793e-02
-2.594951353967189789e-02
-4.117760807275772095e-02
-2.352178096771240234e-03
2.340742386877536774e-02
-7.508105132728815079e-03
-1.195810455828905106e-02
-8.492315188050270081e-03
-3.120613098144531250e-02
9.458375163376331329e-03
1.558366976678371429e-02
-1.847160980105400085e-02
3.500521183013916016e-03
-6.160068325698375702e-03
-3.333313018083572388e-02
-4.552268981933593750e-02
9.419369511306285858e-03
4.485123232007026672e-02
-1.364956516772508621e-02
1.656074449419975281e-02
-1.690222695469856262e-02
2.466750098392367363e-03
-3.074583411216735840e-02
2.967190695926547050e-03
-2.719583548605442047e-02
4.743933677673339844e-03
9.786508232355117798e-02
-3.972667269408702850e-03
-1.576578058302402496e-02
4.176306724548339844e-02
5.020546726882457733e-03
-2.883347868919372559e-02
5.073604732751846313e-02
-1.957869622856378555e-03
1.041418313980102539e-02
-1.250863075256347656e-03
-5.840089172124862671e-02
-3.723438829183578491e-02
-4.782170057296752930e-02
-2.056096866726875305e-02
1.171985827386379242e-02
-2.678334712982177734e-02
1.055655442178249359e-02
-4.974921792745590210e-02
-4.567516967654228210e-02
2.676224801689386368e-03
-2.883120812475681305e-02
-1.316891890019178391e-02
-3.251552698202431202e-04
8.004844188690185547e-03
-3.413884714245796204e-02
3.755972534418106079e-02
3.216258436441421509e-02
-6.753307767212390900e-03
-4.701814055442810059e-02
1.359958667308092117e-02
-3.379466384649276733e-02
2.411559782922267914e-02
-5.264866165816783905e-03
-2.011904120445251465e-02
3.576862858608365059e-03
2.557352744042873383e-02
1.264795102179050446e-02
6.453299429267644882e-03
-5.360090639442205429e-03
-1.956174895167350769e-02
3.721032291650772095e-02
-3.710740059614181519e-02
1.995455101132392883e-02
2.023013867437839508e-02
2.222957648336887360e-02
3.768984228372573853e-02
-4.127866774797439575e-02
2.515554428100585938e-02
4.617321491241455078e-02
-1.477062760386615992e-04
5.542888492345809937e-02
2.733781374990940094e-02
2.770112827420234680e-02
-1.897876895964145660e-02
3.703910112380981445e-02
-3.122162772342562675e-03
-2.880224026739597321e-02
1.083593349903821945e-02
1.060640811920166016e-02
-3.872013185173273087e-03
9.671747684478759766e-03
1.416074018925428391e-02
1.053961552679538727e-02
6.810341775417327881e-02
1.171940565109252930e-02
2.321607992053031921e-02
-9.715348482131958008e-03
1.786980591714382172e-02
-5.048304051160812378e-02
-1.202762126922607422e-03
1.915630139410495758e-02
1.712327077984809875e-02
1.100059784948825836e-02
-4.817774146795272827e-02
1.349092740565538406e-02
-6.883506476879119873e-02
-3.057197295129299164e-02
-1.316305994987487793e-02
6.790447048842906952e-03
-2.974106743931770325e-02
4.216351360082626343e-02
-1.110563240945339203e-02
2.385571040213108063e-02
7.267570588737726212e-03
2.991075441241264343e-02
1.817432604730129242e-02
-6.448062509298324585e-02
-7.493567653000354767e-03
2.540634945034980774e-02
4.763469845056533813e-02
-2.442644909024238586e-02
-2.463527955114841461e-02
1.894428767263889313e-02
1.503825187683105469e-03
4.714983701705932617e-02
9.436285123229026794e-03
-4.323306679725646973e-02
1.148582715541124344e-02
-4.578912258148193359e-02
-3.544896841049194336e-03
3.063187561929225922e-02
-8.144229650497436523e-03
3.593873931095004082e-03
-1.587199047207832336e-02
2.093383111059665680e-02
4.344333335757255554e-02
3.249598667025566101e-02
1.387667609378695488e-03
1.974770985543727875e-02
-6.584495306015014648e-02
7.890915498137474060e-03
-5.847497656941413879e-02
5.561707168817520142e-02
-3.247039765119552612e-02
8.829688653349876404e-03
8.246183395385742188e-03
-1.578549109399318695e-02
6.426429841667413712e-03
-3.304762393236160278e-02
1.819119416177272797e-02
-1.217320002615451813e-02
3.806114196777343750e-02
4.004347138106822968e-03
3.734115511178970337e-02
3.776328638195991516e-02
4.160200431942939758e-02
-1.283776760101318359e-02
3.829658031463623047e-02
1.212165318429470062e-02
1.997601939365267754e-03
-9.754437021911144257e-03
6.092585250735282898e-02
-2.769301459193229675e-02
2.401256468147039413e-03
1.284821052104234695e-02
1.211786293424665928e-03
-5.466806702315807343e-03
1.037191133946180344e-02
-4.451996088027954102e-02
-5.324785783886909485e-02
-1.249671541154384613e-02
-2.200835850089788437e-03
-2.020463347434997559e-02
-3.318846225738525391e-02
-2.038729144260287285e-03
-2.202547155320644379e-02
-5.449038930237293243e-03
5.317989736795425415e-02
-1.827394403517246246e-02
-1.245774608105421066e-02
1.431099139153957367e-02
-6.872934289276599884e-03
-1.346907578408718109e-02
-5.359433963894844055e-02
-5.850893445312976837e-03
-3.189021348953247070e-02
7.715678308159112930e-03
-3.873402997851371765e-02
1.220343075692653656e-02
3.418598324060440063e-02
-1.362880505621433258e-02
3.721774742007255554e-02
4.913963004946708679e-02
-2.473830059170722961e-02
1.413835305720567703e-02
-4.665306955575942993e-02
6.248338147997856140e-02
2.131720818579196930e-02
3.025306388735771179e-02
-1.649904297664761543e-03
1.653695129789412022e-03
-4.819431155920028687e-02
3.633750602602958679e-02
-1.044971309602260590e-02
1.319273747503757477e-02
-8.948331698775291443e-03
-1.977190375328063965e-02
2.866059541702270508e-02
2.352329529821872711e-02
-2.830188907682895660e-02
2.068864181637763977e-02
-1.530718803405761719e-02
-3.063847497105598450e-02
-1.559255737811326981e-02
-1.098523102700710297e-02
-6.331718061119318008e-03
3.188153356313705444e-02
-1.379438024014234543e-02
2.271821536123752594e-02
-2.858315780758857727e-02
3.485014289617538452e-02
2.434178628027439117e-02
-1.700849458575248718e-02
1.725792884826660156e-03
2.014863491058349609e-02
-1.670568063855171204e-02
5.597465112805366516e-02
-1.538782753050327301e-02
-4.804000258445739746e-02
2.812252007424831390e-02
1.123557053506374359e-02
-2.286248281598091125e-02
-5.965483374893665314e-03
6.260986626148223877e-02
-5.075985100120306015e-03
3.302478697150945663e-03
1.360975485295057297e-02
3.795684501528739929e-02
4.048792272806167603e-02
-9.949440136551856995e-03
-3.303840011358261108e-02
-2.437648177146911621e-02
-2.713523432612419128e-02
-3.882347792387008667e-02
2.036796882748603821e-02
-7.497036363929510117e-03
3.174064308404922485e-02
-1.405981741845607758e-02
6.811878830194473267e-02
1.146721839904785156e-02
1.039835251867771149e-02
-2.182298339903354645e-02
6.021344661712646484e-02
1.066614408046007156e-02
-6.565851718187332153e-02
-4.607960581779479980e-02
3.724620491266250610e-02
-4.703104496002197266e-04
3.068747557699680328e-02
-1.631876267492771149e-02
-6.743001751601696014e-03
6.927907466888427734e-03
-5.124765448272228241e-03
-1.779292151331901550e-02
-1.997109688818454742e-02
3.266670554876327515e-02
-2.257613465189933777e-02
-5.473141744732856750e-02
-6.354290060698986053e-03
-6.711920350790023804e-02
-1.228588260710239410e-02
2.266514347866177559e-03
-2.684186026453971863e-02
7.571661379188299179e-03
-2.262916602194309235e-02
-2.250335179269313812e-02
-3.936763852834701538e-02
-3.320556879043579102e-02
-3.520350903272628784e-02
8.079397492110729218e-03
-2.437073551118373871e-02
4.081914573907852173e-02
-2.439841069281101227e-02
2.388014830648899078e-02
5.884683132171630859e-02
3.685271833091974258e-03
-1.023985724896192551e-02
6.412959191948175430e-03
-3.356070071458816528e-02
-3.974973410367965698e-02
-2.275929413735866547e-02
-3.950949385762214661e-02
6.646311376243829727e-03
3.603359311819076538e-02
1.479313336312770844e-02
8.050795644521713257e-02
1.759529113769531250e-04
1.963860914111137390e-02
-6.754898931831121445e-03
9.251773357391357422e-03
1.135703362524509430e-02
1.269636116921901703e-02
-2.321177627891302109e-03
